version https://git-lfs.github.com/spec/v1
oid sha256:ed54ddd1bb7345b03ffa95a1a6e2312058a9cc32a1840f95b7ada07030138289
size 35496
